Mut_Type	V-5	V-6	V-7	V-8	V-9	V-10	V-11	V-12	V-13	V-14	V-15	P-5	P-4	P-3	P-2	P-1	P0	P1	P2	P3	P4	P5
A_to_Disease	92	118	115	101	104		104	95	102	102	107	0.420091324200913	0.495798319327731	0.477178423236515	0.461187214611872	0.474885844748858		0.490566037735849	0.43778801843318	0.495145631067961	0.483412322274882	0.47136563876652
A_to_Neutral	127	120	126	118	115		108	122	104	109	120	0.579908675799087	0.504201680672269	0.522821576763486	0.538812785388128	0.525114155251142		0.509433962264151	0.56221198156682	0.504854368932039	0.516587677725118	0.52863436123348
C_to_Disease	85	89	92	80	92		91	89	90	89	105	0.817307692307692	0.780701754385965	0.807017543859649	0.842105263157895	0.828828828828829		0.827272727272727	0.864077669902913	0.810810810810811	0.81651376146789	0.789473684210526
C_to_Neutral	19	25	22	15	19		19	14	21	20	28	0.182692307692308	0.219298245614035	0.192982456140351	0.157894736842105	0.171171171171171		0.172727272727273	0.135922330097087	0.189189189189189	0.18348623853211	0.210526315789474
D_to_Disease	82	77	82	76	82		90	74	84	72	92	0.635658914728682	0.574626865671642	0.621212121212121	0.644067796610169	0.625954198473282		0.647482014388489	0.60655737704918	0.608695652173913	0.5625	0.609271523178808
D_to_Neutral	47	57	50	42	49		49	48	54	56	59	0.364341085271318	0.425373134328358	0.378787878787879	0.35593220338983	0.374045801526718		0.352517985611511	0.39344262295082	0.391304347826087	0.4375	0.390728476821192
E_to_Disease	91	73	83	75	63		89	65	80	68	76	0.538461538461538	0.510489510489511	0.497005988023952	0.539568345323741	0.504		0.613793103448276	0.541666666666667	0.559440559440559	0.511278195488722	0.584615384615385
E_to_Neutral	78	70	84	64	62		56	55	63	65	54	0.461538461538462	0.48951048951049	0.502994011976048	0.460431654676259	0.496		0.386206896551724	0.458333333333333	0.440559440559441	0.488721804511278	0.415384615384615
F_to_Disease	49	43	43	34	42		39	48	38	43	27	0.653333333333333	0.671875	0.682539682539683	0.693877551020408	0.608695652173913		0.549295774647887	0.695652173913043	0.622950819672131	0.614285714285714	0.574468085106383
F_to_Neutral	26	21	20	15	27		32	21	23	27	20	0.346666666666667	0.328125	0.317460317460317	0.306122448979592	0.391304347826087		0.450704225352113	0.304347826086957	0.377049180327869	0.385714285714286	0.425531914893617
G_to_Disease	211	177	186	171	163		190	179	162	189	173	0.732638888888889	0.670454545454545	0.681318681318681	0.66796875	0.646825396825397		0.688405797101449	0.716	0.620689655172414	0.679856115107914	0.689243027888446
G_to_Neutral	77	87	87	85	89		86	71	99	89	78	0.267361111111111	0.329545454545454	0.318681318681319	0.33203125	0.353174603174603		0.311594202898551	0.284	0.379310344827586	0.320143884892086	0.310756972111554
H_to_Disease	34	37	47	42	38		45	47	39	31	56	0.566666666666667	0.528571428571429	0.566265060240964	0.6	0.487179487179487		0.548780487804878	0.594936708860759	0.5	0.46969696969697	0.629213483146067
H_to_Neutral	26	33	36	28	40		37	32	39	35	33	0.433333333333333	0.471428571428571	0.433734939759036	0.4	0.512820512820513		0.451219512195122	0.40506329113924	0.5	0.53030303030303	0.370786516853933
I_to_Disease	50	69	61	73	51		66	70	56	67	61	0.454545454545455	0.565573770491803	0.544642857142857	0.5703125	0.414634146341463		0.511627906976744	0.510948905109489	0.448	0.531746031746032	0.484126984126984
I_to_Neutral	60	53	51	55	72		63	67	69	59	65	0.545454545454545	0.434426229508197	0.455357142857143	0.4296875	0.585365853658537		0.488372093023256	0.489051094890511	0.552	0.468253968253968	0.515873015873016
K_to_Disease	28	50	34	44	42		39	47	41	35	35	0.411764705882353	0.490196078431373	0.453333333333333	0.5	0.461538461538462		0.428571428571429	0.5	0.5	0.448717948717949	0.421686746987952
K_to_Neutral	40	52	41	44	49		52	47	41	43	48	0.588235294117647	0.509803921568627	0.546666666666667	0.5	0.538461538461538		0.571428571428571	0.5	0.5	0.551282051282051	0.578313253012048
L_to_Disease	129	121	118	137	120		134	134	144	162	139	0.638613861386139	0.6875	0.694117647058823	0.67487684729064	0.631578947368421		0.673366834170854	0.629107981220657	0.631578947368421	0.707423580786026	0.678048780487805
L_to_Neutral	73	55	52	66	70		65	79	84	67	66	0.361386138613861	0.3125	0.305882352941176	0.32512315270936	0.368421052631579		0.326633165829146	0.370892018779343	0.368421052631579	0.292576419213974	0.321951219512195
M_to_Disease	43	38	25	32	40		35	31	54	34	43	0.5375	0.513513513513513	0.367647058823529	0.484848484848485	0.588235294117647		0.472972972972973	0.484375	0.642857142857143	0.586206896551724	0.551282051282051
M_to_Neutral	37	36	43	34	28		39	33	30	24	35	0.4625	0.486486486486487	0.632352941176471	0.515151515151515	0.411764705882353		0.527027027027027	0.515625	0.357142857142857	0.413793103448276	0.448717948717949
N_to_Disease	49	54	51	43	50		54	42	51	49	46	0.445454545454545	0.524271844660194	0.53125	0.434343434343434	0.543478260869565		0.453781512605042	0.428571428571429	0.5	0.441441441441441	0.528735632183908
N_to_Neutral	61	49	45	56	42		65	56	51	62	41	0.554545454545455	0.475728155339806	0.46875	0.565656565656566	0.456521739130435		0.546218487394958	0.571428571428571	0.5	0.558558558558558	0.471264367816092
P_to_Disease	89	107	92	102	91		87	87	91	89	91	0.494444444444444	0.535	0.494623655913979	0.534031413612565	0.548192771084337		0.550632911392405	0.554140127388535	0.517045454545455	0.539393939393939	0.522988505747126
P_to_Neutral	91	93	94	89	75		71	70	85	76	83	0.505555555555556	0.465	0.505376344086022	0.465968586387435	0.451807228915663		0.449367088607595	0.445859872611465	0.482954545454545	0.460606060606061	0.477011494252874
Q_to_Disease	33	34	39	35	36		33	41	35	36	27	0.452054794520548	0.4	0.464285714285714	0.454545454545455	0.507042253521127		0.44	0.476744186046512	0.472972972972973	0.404494382022472	0.36986301369863
Q_to_Neutral	40	51	45	42	35		42	45	39	53	46	0.547945205479452	0.6	0.535714285714286	0.545454545454545	0.492957746478873		0.56	0.523255813953488	0.527027027027027	0.595505617977528	0.63013698630137
R_to_Disease	195	197	192	197	223		247	234	229	235	220	0.587349397590361	0.536784741144414	0.553314121037464	0.574344023323615	0.567430025445293		0.598062953995157	0.550588235294118	0.59020618556701	0.596446700507614	0.565552699228792
R_to_Neutral	137	170	155	146	170		166	191	159	159	169	0.412650602409639	0.463215258855586	0.446685878962536	0.425655976676385	0.432569974554707		0.401937046004843	0.449411764705882	0.40979381443299	0.403553299492386	0.434447300771208
V_to_Disease	84	71	84	89	79		94	76	65	71	74	0.48	0.394444444444444	0.428571428571429	0.458762886597938	0.407216494845361		0.42152466367713	0.393782383419689	0.391566265060241	0.39010989010989	0.389473684210526
V_to_Neutral	91	109	112	105	115		129	117	101	111	116	0.52	0.605555555555555	0.571428571428571	0.541237113402062	0.592783505154639		0.57847533632287	0.606217616580311	0.608433734939759	0.60989010989011	0.610526315789474
W_to_Disease	26	23	25	18	33		27	24	28	27	32	0.896551724137931	0.884615384615385	0.862068965517241	0.75	0.733333333333333		0.72972972972973	0.727272727272727	0.8	0.870967741935484	0.744186046511628
W_to_Neutral	3	3	4	6	12		10	9	7	4	11	0.103448275862069	0.115384615384615	0.137931034482759	0.25	0.266666666666667		0.27027027027027	0.272727272727273	0.2	0.129032258064516	0.255813953488372
S_to_Disease	86	93	92	93	103	550	114	87	106	87	99	0.407582938388626	0.436619718309859	0.471794871794872	0.497326203208556	0.502439024390244	0.514499532273153	0.504424778761062	0.450777202072539	0.51207729468599	0.448453608247423	0.512953367875648
S_to_Neutral	125	120	103	94	102	519	112	106	101	107	94	0.592417061611374	0.563380281690141	0.528205128205128	0.502673796791444	0.497560975609756	0.485500467726848	0.495575221238938	0.549222797927461	0.48792270531401	0.551546391752577	0.487046632124352
T_to_Disease	73	85	79	84	81	513	93	87	69	87	76	0.450617283950617	0.502958579881657	0.516339869281046	0.464088397790055	0.457627118644068	0.489503816793893	0.486910994764398	0.5	0.469387755102041	0.486033519553073	0.520547945205479
T_to_Neutral	89	84	74	97	96	535	98	87	78	92	70	0.549382716049383	0.497041420118343	0.483660130718954	0.535911602209945	0.542372881355932	0.510496183206107	0.513089005235602	0.5	0.530612244897959	0.513966480446927	0.479452054794521
Y_to_Disease	56	60	55	49	56	341	73	64	62	76	53	0.736842105263158	0.779220779220779	0.670731707317073	0.742424242424242	0.736842105263158	0.762863534675615	0.811111111111111	0.82051282051282	0.71264367816092	0.844444444444444	0.779411764705882
Y_to_Neutral	20	17	27	17	20	106	17	14	25	14	15	0.263157894736842	0.220779220779221	0.329268292682927	0.257575757575758	0.263157894736842	0.237136465324385	0.188888888888889	0.179487179487179	0.28735632183908	0.155555555555556	0.220588235294118
