Mut_Type	V-5	V-6	V-7	V-8	V-9	V-10	V-11	V-12	V-13	V-14	V-15	P-5	P-4	P-3	P-2	P-1	P0	P1	P2	P3	P4	P5
A_to_Disease	11	9	5	11	17		10	7	9	8	9	0.407407407407407	0.264705882352941	0.192307692307692	0.305555555555556	0.377777777777778		0.333333333333333	0.304347826086957	0.257142857142857	0.380952380952381	0.333333333333333
A_to_Neutral	16	25	21	25	28		20	16	26	13	18	0.592592592592593	0.735294117647059	0.807692307692308	0.694444444444444	0.622222222222222		0.666666666666667	0.695652173913043	0.742857142857143	0.619047619047619	0.666666666666667
C_to_Disease	4	4	1	2	1		2		3	4	2	0.5	0.666666666666667	0.166666666666667	0.5	0.5		0.25	0	0.75	0.571428571428571	0.666666666666667
C_to_Neutral	4	2	5	2	1		6	2	1	3	1	0.5	0.333333333333333	0.833333333333333	0.5	0.5		0.75	1	0.25	0.428571428571429	0.333333333333333
D_to_Disease	5	5	5	10	15		7	10	11	6	6	0.277777777777778	0.227272727272727	0.2	0.384615384615385	0.441176470588235		0.411764705882353	0.4	0.333333333333333	0.333333333333333	0.333333333333333
D_to_Neutral	13	17	20	16	19		10	15	22	12	12	0.722222222222222	0.772727272727273	0.8	0.615384615384615	0.558823529411765		0.588235294117647	0.6	0.666666666666667	0.666666666666667	0.666666666666667
E_to_Disease	7	7	12	9	8		8	20	16	8	7	0.368421052631579	0.291666666666667	0.4	0.3	0.444444444444444		0.307692307692308	0.512820512820513	0.444444444444444	0.25	0.25
E_to_Neutral	12	17	18	21	10		18	19	20	24	21	0.631578947368421	0.708333333333333	0.6	0.7	0.555555555555556		0.692307692307692	0.487179487179487	0.555555555555556	0.75	0.75
F_to_Disease	4		2	5	3		4	2	7	1	5	0.571428571428571	0	0.25	0.625	0.5		0.571428571428571	0.4	0.875	0.142857142857143	0.625
F_to_Neutral	3	4	6	3	3		3	3	1	6	3	0.428571428571429	1	0.75	0.375	0.5		0.428571428571429	0.6	0.125	0.857142857142857	0.375
G_to_Disease	26	24	11	17	24		16	26	12	15	21	0.577777777777778	0.558139534883721	0.366666666666667	0.45945945945946	0.444444444444444		0.592592592592593	0.65	0.521739130434783	0.46875	0.7
G_to_Neutral	19	19	19	20	30		11	14	11	17	9	0.422222222222222	0.441860465116279	0.633333333333333	0.540540540540541	0.555555555555556		0.407407407407407	0.35	0.478260869565217	0.53125	0.3
H_to_Disease	4	2	3	1	3		2	3	1		6	0.5	0.2	0.333333333333333	0.111111111111111	0.428571428571429		0.4	0.428571428571429	0.2	0	0.545454545454545
H_to_Neutral	4	8	6	8	4		3	4	4	2	5	0.5	0.8	0.666666666666667	0.888888888888889	0.571428571428571		0.6	0.571428571428571	0.8	1	0.454545454545455
I_to_Disease	1	3	2	7	5		6	2	4	2	9	0.1	0.25	0.166666666666667	0.466666666666667	0.384615384615385		0.375	0.153846153846154	0.333333333333333	0.153846153846154	0.529411764705882
I_to_Neutral	9	9	10	8	8		10	11	8	11	8	0.9	0.75	0.833333333333333	0.533333333333333	0.615384615384615		0.625	0.846153846153846	0.666666666666667	0.846153846153846	0.470588235294118
K_to_Disease	7	6	5	1	7		1	4	5	4	6	0.368421052631579	0.31578947368421	0.227272727272727	0.090909090909091	0.388888888888889		0.166666666666667	0.363636363636364	0.333333333333333	0.16	0.222222222222222
K_to_Neutral	12	13	17	10	11		5	7	10	21	21	0.631578947368421	0.68421052631579	0.772727272727273	0.909090909090909	0.611111111111111		0.833333333333333	0.636363636363636	0.666666666666667	0.84	0.777777777777778
L_to_Disease	8	5	7	10	8		10	9	8	11	11	0.380952380952381	0.277777777777778	0.411764705882353	0.384615384615385	0.333333333333333		0.476190476190476	0.45	0.363636363636364	0.458333333333333	0.407407407407407
L_to_Neutral	13	13	10	16	16		11	11	14	13	16	0.619047619047619	0.722222222222222	0.588235294117647	0.615384615384615	0.666666666666667		0.523809523809524	0.55	0.636363636363636	0.541666666666667	0.592592592592593
M_to_Disease	1			3	4		3	3		1	2	0.076923076923077	0	0	0.272727272727273	0.333333333333333		0.25	0.375	0	0.166666666666667	0.181818181818182
M_to_Neutral	12	4	8	8	8		9	5	8	5	9	0.923076923076923	1	1	0.727272727272727	0.666666666666667		0.75	0.625	1	0.833333333333333	0.818181818181818
N_to_Disease	12	11	3	8	3		3	2	3	4	5	0.571428571428571	0.458333333333333	0.25	0.727272727272727	0.272727272727273		0.272727272727273	0.25	0.230769230769231	0.444444444444444	0.416666666666667
N_to_Neutral	9	13	9	3	8		8	6	10	5	7	0.428571428571429	0.541666666666667	0.75	0.272727272727273	0.727272727272727		0.727272727272727	0.75	0.769230769230769	0.555555555555556	0.583333333333333
P_to_Disease	13	4	10	10	13		29	16	16	12	6	0.333333333333333	0.137931034482759	0.263157894736842	0.25	0.302325581395349		0.23015873015873	0.333333333333333	0.347826086956522	0.363636363636364	0.181818181818182
P_to_Neutral	26	25	28	30	30		97	32	30	21	27	0.666666666666667	0.862068965517241	0.736842105263158	0.75	0.697674418604651		0.76984126984127	0.666666666666667	0.652173913043478	0.636363636363636	0.818181818181818
Q_to_Disease	3	4	3	2	1		2	2	7	5	3	0.176470588235294	0.363636363636364	0.176470588235294	0.25	0.090909090909091		0.25	0.166666666666667	0.411764705882353	0.5	0.272727272727273
Q_to_Neutral	14	7	14	6	10		6	10	10	5	8	0.823529411764706	0.636363636363636	0.823529411764706	0.75	0.909090909090909		0.75	0.833333333333333	0.588235294117647	0.5	0.727272727272727
R_to_Disease	36	30	45	25	23		19	23	29	27	29	0.433734939759036	0.410958904109589	0.428571428571429	0.403225806451613	0.469387755102041		0.513513513513513	0.48936170212766	0.439393939393939	0.519230769230769	0.5
R_to_Neutral	47	43	60	37	26		18	24	37	25	29	0.566265060240964	0.589041095890411	0.571428571428571	0.596774193548387	0.530612244897959		0.486486486486487	0.51063829787234	0.560606060606061	0.480769230769231	0.5
V_to_Disease	6	4	3	3	5		6	8	5	8	7	0.24	0.142857142857143	0.136363636363636	0.142857142857143	0.263157894736842		0.272727272727273	0.380952380952381	0.294117647058823	0.258064516129032	0.35
V_to_Neutral	19	24	19	18	14		16	13	12	23	13	0.76	0.857142857142857	0.863636363636364	0.857142857142857	0.736842105263158		0.727272727272727	0.619047619047619	0.705882352941176	0.741935483870968	0.65
W_to_Disease			4	1	3			1	1	1	2	0	0	0.8	0.5	0.75		0	1	0.2	1	0.5
W_to_Neutral	2	1	1	1	1		1		4		2	1	1	0.2	0.5	0.25		1	0	0.8	0	0.5
S_to_Disease	11	12	12	13	12	68	7	9	12	10	14	0.314285714285714	0.27906976744186	0.352941176470588	0.282608695652174	0.3	0.284518828451883	0.304347826086957	0.25	0.363636363636364	0.285714285714286	0.341463414634146
S_to_Neutral	24	31	22	33	28	171	16	27	21	25	27	0.685714285714286	0.72093023255814	0.647058823529412	0.717391304347826	0.7	0.715481171548117	0.695652173913043	0.75	0.636363636363636	0.714285714285714	0.658536585365854
T_to_Disease	7	9	11	5	10	36	5	6	4	9	8	0.269230769230769	0.473684210526316	0.478260869565217	0.277777777777778	0.32258064516129	0.321428571428571	0.333333333333333	0.230769230769231	0.266666666666667	0.310344827586207	0.333333333333333
T_to_Neutral	19	10	12	13	21	76	10	20	11	20	16	0.730769230769231	0.526315789473684	0.521739130434783	0.722222222222222	0.67741935483871	0.678571428571429	0.666666666666667	0.769230769230769	0.733333333333333	0.689655172413793	0.666666666666667
Y_to_Disease	1	2	3	1	2	30	6	1	4	6	3	0.142857142857143	0.285714285714286	0.75	0.5	0.4	0.681818181818182	0.75	0.2	0.666666666666667	0.545454545454545	0.6
Y_to_Neutral	6	5	1	1	3	14	2	4	2	5	2	0.857142857142857	0.714285714285714	0.25	0.5	0.6	0.318181818181818	0.25	0.8	0.333333333333333	0.454545454545455	0.4
